15.646377361
10.200986543
28.027290211
10.000478930
473.256929634
18.340172225
191.428488890
99.903423357
263.000268566
183.545166260
233.016273303
186.311620788
270.342548703
155.640650406
298.819007979
146.120736954
265.217219819
158.356112245
181.092456151
153.949199070
106.779563254
157.595196267
109.010562109
187.980527899
122.521107957
160.216123769
137.788225918
144.685136331
170.391237842
131.555436734
155.018911963
88.325345707
131.001975999
105.138698767
156.594061655
103.437086378
142.302965360
109.903327299
148.732649161
98.097930916
100.496455236
81.292540874
105.740470820
90.447982409
86.115309401
83.576205609
77.212115585
98.505107996
64.364870794
85.461218374
50.301922515
126.677021194
47.956165726
152.328051016
28.820640508
